#period	period time	calc time
1	1991	1501
2	1749	1498
3	1747	2251
4	2491	4246
5	4496	1250
6	1251	1263
7	1267	1506
8	1736	1501
9	2000	1500
10	1998	1507
11	1750	1253
12	1256	1242
13	1489	1512
14	1514	1485
15	1734	1498
16	1748	1249
17	1498	1249
18	1498	1252
19	1499	1249
20	1498	1000
21	1499	1250
22	1499	1499
23	1749	1238
24	1491	1245
25	1497	1248
26	1250	1016
27	1506	1259
28	1498	999
29	1752	1246
30	1497	1252
31	1256	990
32	1244	1745
33	1996	1247
34	1746	1258
35	1500	1504
36	1507	1240
37	1490	1251
38	1495	1249
39	1498	1759
40	1764	989
41	1238	1499
42	1748	1255
43	1496	1252
44	1497	1256
45	1260	993
46	1491	1248
47	1498	1249
48	1498	1503
49	1506	1002
50	1494	1249
51	1499	999
52	1498	1249
53	1499	1004
54	1008	991
55	1489	1500
56	1750	1248
57	1498	1248
58	1499	1254
59	1498	1248
60	1499	1248
61	1497	1258
62	1501	1253
63	1256	984
64	1241	1254
65	1258	990
66	1490	1249
67	1499	1503
68	1507	991
69	1240	1249
70	1501	1251
71	1255	991
72	1240	1249
73	1501	1248
74	1497	1249
75	1499	1252
76	1496	1253
77	1257	1494
78	1498	1245
79	1494	1249
80	1498	1248
81	1497	1249
82	1494	1262
83	1501	1503
84	1752	1249
85	1496	1002
86	1252	1249
87	1497	1250
88	1500	1249
89	1498	1001
90	1250	1253
91	1257	1003
92	1241	1259
93	1264	997
94	1484	1248
95	1498	1503
96	1507	991
97	1240	1256
98	1260	1238
99	1487	1262
100	1267	982
101	1230	1501
102	1502	997
103	1246	1250
104	1251	997
105	1492	999
106	1253	1249
107	1498	750
108	1247	1251
109	1499	1503
110	1506	997
111	1245	1248
112	1498	1247
113	1499	1248
114	1498	999
115	1250	1248
116	1499	1501
117	1503	994
118	1243	1250
119	1499	1249
120	1499	1250
121	1499	750
122	1249	1248
123	1498	1505
124	1507	1241
125	1490	1249
126	1748	1255
127	1500	1249
128	1498	1249
129	1748	1249
130	1498	1503
131	1509	988
132	1237	1249
133	1499	1249
134	1499	1251
135	1500	749
136	1248	1249
137	1499	1499
138	1749	1249
139	1749	1250
140	1499	1499
141	1749	1250
142	1749	1252
143	1499	1502
144	1506	991
145	1240	1255
146	1498	1253
147	1502	1249
148	1749	1249
149	1499	1499
150	1749	1248
151	1748	1502
152	1506	993
153	1491	1252
154	1499	1499
155	1747	1251
156	1751	1248
157	1499	1503
158	1746	1251
159	1497	1002
160	1251	1246
161	1499	1246
162	1499	1249
163	1497	1250
164	1499	1515
165	1520	1232
166	1481	1503
167	1506	1492
168	1738	1252
169	1751	1246
170	1499	1499
171	1750	1248
172	1498	1249
173	1499	1251
174	1746	1252
175	1499	1499
176	1749	1249
177	1498	1248
178	1499	1248
179	1747	1260
180	1502	1499
181	1748	1249
182	1748	1250
183	1499	1249
184	1748	1250
185	1749	1249
186	1499	1249
187	1499	1561
188	1564	1436
189	1683	1498
190	1749	1248
191	1498	1249
192	1499	1248
193	1497	1249
194	1498	1259
195	1503	1247
196	1747	1248
197	1748	1250
198	1499	1249
199	1496	1252
200	1502	1249
201	1498	1250
202	1499	1249
203	1749	1253
204	1748	1248
205	1493	1254
206	1505	998
207	1247	1249
208	1498	998
209	1497	1250
210	1759	1243
211	1492	1248
212	1495	1018
213	1252	1253
214	1749	1249
215	1495	1252
216	1751	1249
217	1748	1250
218	1500	1252
219	1502	1246
220	1491	1253
221	1501	1256
222	1498	1252
223	1751	1247
224	1498	1000
225	1249	1264
226	1269	1232
227	1482	998
228	1497	1499
229	1750	1248
230	1498	1248
231	1497	1254
232	1257	991
233	1242	1248
234	1747	1250
235	1499	1002
236	1498	1251
237	1499	998
238	1247	1253
239	1257	992
240	1242	1248
241	1497	1253
242	1257	1251
243	1495	1248
244	1497	1248
245	1498	999
246	1250	1253
247	1256	992
248	1241	1250
249	1499	1249
250	1499	1249
251	1749	1249
252	1499	1003
253	1249	1252
254	1256	992
255	1240	1250
256	1499	1249
257	1499	1248
258	1747	1249
259	1498	1011
260	1254	1501
261	1505	1242
262	1741	1249
263	1499	1248
264	1498	1248
265	1498	999
266	1248	1250
267	1499	1249
268	1748	1254
269	1498	1001
270	1498	1250
271	1500	1010
272	1499	1249
273	1498	1001
274	1247	1270
275	1499	1260
276	1749	1499
277	1750	1249
278	1498	1250
279	1498	1249
280	1498	1246
281	1499	1248
282	1497	1250
283	1748	1499
284	1750	1250
285	1498	1249
286	1498	749
287	1246	1251
288	1503	997
289	1246	1499
290	1749	1249
291	1502	1254
292	1499	999
293	1248	999
294	1250	1248
295	1499	998
296	1248	749
297	1499	1250
298	1494	1249
299	1499	1249
300	1517	1235
301	1488	1245
302	1495	1249
303	1502	1250
304	1745	1249
305	1498	1508
306	1510	1238
307	1486	1261
308	1500	1503
309	1508	989
310	1488	1259
311	1500	1254
312	1498	1253
313	1499	1260
314	1498	1268
315	1498	1000
316	1499	1507
317	1511	987
318	1486	1265
319	1499	999
320	1498	1255
321	1500	1000
322	1498	1249
323	1498	1500
324	1748	1249
325	1499	1249
326	1497	1255
327	1259	992
328	1491	1262
329	1499	998
330	1747	1249
331	1499	1261
332	1265	985
333	1231	1256
334	1499	1253
335	1499	1252
336	1498	1503
337	1504	1246
338	1494	749
339	1248	1250
340	1510	1496
341	1500	1230
342	1488	1503
343	1507	1237
344	1490	1000
345	1499	1248
346	1498	1246
347	1499	1251
348	1499	1251
349	1498	1253
350	1500	1499
351	1748	1249
352	1499	749
353	1249	1250
354	1499	1249
355	1498	1250
356	1490	1259
357	1758	1249
358	1498	1250
359	1499	1253
360	1256	992
361	1491	1250
362	1499	1249
363	1499	1503
364	1507	991
365	1490	1255
366	1499	1502
367	1506	1242
368	1491	1249
369	1499	1248
370	1498	1498
371	1748	1249
372	1510	1241
373	1490	1253
374	1257	992
375	1491	1248
376	1498	1499
377	1748	1249
378	1500	749
379	1248	1249
380	1499	1249
381	1497	1255
382	1500	1250
383	1495	1252
384	1499	1509
385	1514	1236
386	1485	1249
387	1498	1250
388	1490	1507
389	1510	1239
390	1489	1249
391	1749	1249
392	1507	1245
393	1499	1245
394	1499	999
395	1247	1251
396	1500	1500
397	1750	1256
398	1747	1252
399	1497	1502
400	1504	997
401	1247	1247
402	1497	750
403	1249	1500
404	1501	1000
405	1499	1248
406	1498	1503
407	1506	991
408	1239	1250
409	1499	1000
410	1251	1498
411	1746	1257
412	1501	1250
413	1748	1255
414	1500	1507
415	1508	988
416	1236	1251
417	1749	1250
418	1498	1249
419	1499	1249
420	1499	1257
421	1500	1248
422	1498	1249
423	1498	1249
424	1498	1503
425	1506	992
426	1241	1249
427	1749	1249
428	1499	1500
429	1749	1254
430	1749	1249
431	1498	1250
432	1499	1250
433	1498	1250
434	1499	1250
435	1499	1250
436	1500	1507
437	1512	1236
438	1484	1250
439	1498	1250
440	1499	1249
441	1498	1251
442	1499	1249
443	1498	1249
444	1749	1249
445	1749	1254
446	1499	1499
447	1748	1249
448	1748	1251
449	1499	1250
450	1749	1249
451	1747	1268
452	1501	1248
453	1498	1250
454	1499	1246
455	1499	1503
456	1506	1242
457	1491	1245
458	1499	1249
459	1499	1245
460	1498	1255
461	1500	1249
462	1498	1252
463	1746	1254
464	1752	1249
465	1498	1250
466	1499	1254
467	1505	1245
468	1492	1249
469	1498	1250
470	1749	1249
471	1748	1252
472	1499	1252
473	1499	1250
474	1499	1249
475	1749	1254
476	1749	1249
477	1498	1249
478	1499	1249
479	1499	1249
480	1499	1249
481	1498	1249
482	1747	1256
483	1751	1249
484	1498	1249
485	1498	999
486	1249	1249
487	1499	1001
488	1499	1251
489	1750	1248
490	1498	1248
491	1499	1255
492	1499	1249
493	1494	1256
494	1260	1245
495	1248	993
496	1492	1249
497	1499	1249
498	1494	1267
499	1273	981
500	1230	1250
501	1499	1248
502	1498	1248
503	1748	1262
504	1500	999
505	1250	1248
506	1498	1249
507	1498	1249
508	1498	1250
509	1750	1248
510	1745	1252
511	1499	1252
512	1502	1253
513	1256	992
514	1241	1257
515	1750	1248
516	1497	1249
517	1498	1245
518	1499	999
519	1498	1249
520	1499	999
521	1248	1249
522	1499	1249
523	1748	1249
524	1504	996
525	1246	1248
526	1497	1248
527	1498	1249
528	1499	1249
529	1748	1250
530	1499	995
531	1251	1252
532	1256	990
533	1242	1248
534	1497	999
535	1249	1498
536	1747	1503
537	1509	1239
538	1738	1249
539	1499	999
540	1248	1259
541	1264	1236
542	1484	1502
543	1506	1247
544	1492	1249
545	1499	1248
546	1498	1000
547	1248	1263
548	1268	1487
549	1490	1240
550	1490	1248
551	1498	998
552	1248	750
553	1250	1248
554	1498	1000
555	1248	1250
556	1499	1249
557	1749	1255
558	1499	1249
559	1499	1249
560	1498	1000
561	1245	753
562	1253	1249
563	1499	1002
564	1498	1258
565	1501	1001
566	1247	1252
567	1499	1249
568	1499	1000
569	1249	1250
570	1500	1248
571	1494	1252
572	1498	1003
573	1252	1249
574	1250	997
575	1248	1249
576	1498	1000
577	1248	1498
578	1750	1249
579	1498	1250
580	1498	1245
581	1498	1258
582	1501	1249
583	1498	1247
584	1750	1247
585	1499	1248
586	1498	1248
587	1497	999
588	1249	1000
589	1251	1248
590	1498	1000
591	1503	1246
592	1495	999
593	1498	1249
594	1500	998
595	1748	1249
596	1499	998
597	1247	1508
598	1753	1245
599	1495	1256
600	1502	1249
601	1500	1248
602	1499	1249
603	1497	1250
604	1748	1270
605	1497	999
606	1498	1263
607	1500	999
608	1498	1255
609	1499	1256
610	1498	1500
611	1753	1246
612	1499	1246
613	1499	1246
614	1499	1245
615	1500	1497
616	1500	1242
617	1741	1254
618	1499	1253
619	1498	1253
620	1498	1254
621	1499	1254
622	1498	1506
623	1510	1492
624	1495	991
625	1490	1270
626	1500	1257
627	1500	1266
628	1499	1264
629	1498	1252
630	1498	1500
631	1746	1252
632	1501	1249
633	1495	1257
634	1261	991
635	1490	1249
636	1499	1499
637	1745	1253
638	1499	757
639	1252	1248
640	1498	1245
641	1499	1249
642	1499	1249
643	1499	1501
644	1502	995
645	1245	757
646	1249	1249
647	1498	1250
648	1499	1249
649	1500	1502
650	1506	1242
651	1491	1250
652	1499	1250
653	1498	1248
654	1499	1255
655	1500	1249
656	1498	1248
657	1499	1498
658	1748	1249
659	1498	999
660	1249	1248
661	1497	1258
662	1501	1248
663	1498	1249
664	1748	1249
665	1498	1249
666	1499	1253
667	1256	992
668	1491	1247
669	1497	1503
670	1506	1248
671	1492	1505
672	1509	989
673	1238	1249
674	1500	747
675	1246	1249
676	1499	1502
677	1505	1242
678	1501	1243
679	1492	1249
680	1497	1250
681	1500	1249
682	1498	1250
683	1500	1248
684	1497	1502
685	1749	1251
686	1499	748
687	1249	1253
688	1498	1496
689	1497	999
690	1248	1245
691	1499	1246
692	1489	1259
693	1757	1248
694	1498	1505
695	1508	994
696	1242	1248
697	1498	1249
698	1498	1250
699	1749	1249
700	1496	1751
701	2001	999
702	1500	1248
703	1500	1500
704	1745	1249
705	1498	749
706	1257	1244
707	1493	1498
708	1748	1750
709	1998	1250
710	1749	999
711	1249	1250
712	1749	1249
713	1499	1500
714	1749	1249
715	1748	1249
716	1499	1499
717	1749	1248
718	1501	1246
719	1495	1248
720	1747	1249
721	1499	1499
722	1749	1499
723	1747	1249
724	1498	1258
725	1503	1249
726	1498	1250
727	1498	1250
728	1499	1249
729	1749	1248
730	1748	1249
731	1498	1499
732	1749	1248
733	1752	1245
734	1494	1499
735	1746	1251
736	1501	1248
737	1498	1248
738	1748	1257
739	1499	1260
740	1490	1009
741	1261	1506
742	1747	1503
743	1507	1491
744	1740	1249
745	1749	1246
746	1499	1499
747	1745	1498
748	1755	1245
749	1493	1249
750	1498	1249
751	1499	1244
752	1499	1249
753	1499	1244
754	1747	1259
755	1752	1248
756	1498	1252
757	1498	999
758	1250	1248
759	1748	1249
760	1499	1249
761	1750	1247
762	1499	747
763	1247	1253
764	1498	1248
765	1498	999
766	1250	1248
767	1747	1249
768	1489	1259
769	1506	1253
770	1256	1002
771	1246	1498
772	1747	1249
773	1498	999
774	1499	1250
775	1749	1248
776	1499	1249
777	1498	1245
778	1495	1248
779	1498	1259
780	1503	1248
781	1747	1249
782	1498	1003
783	1249	1252
784	1256	991
785	1241	1248
786	1497	999
787	1246	1504
788	1754	1248
789	1497	1249
790	1498	1250
791	1499	1249
792	1494	1256
793	1260	992
794	1242	1249
795	1748	1249
796	1748	1253
797	1499	1248
798	1498	1249
799	1499	1249
800	1498	1249
801	1500	1247
802	1746	1258
803	1501	998
804	1245	1256
805	1260	991
806	1238	1252
807	1500	1251
808	1497	1252
809	1751	1247
810	1500	998
811	1244	1257
812	1261	995
813	1246	1246
814	1491	1253
815	1498	1253
816	1502	999
817	1249	1250
818	1498	999
819	1249	1247
820	1505	1243
821	1742	1499
822	1748	1249
823	1499	1249
824	1499	1249
825	1500	1248
826	1497	1249
827	1500	1248
828	1747	1255
829	1500	999
830	1248	749
831	1249	1249
832	1499	999
833	1248	1249
834	1499	1248
835	1747	1508
836	1750	1249
837	1498	1250
838	1498	999
839	1249	1249
840	1499	999
841	1249	1249
842	1498	1250
843	1749	1249
844	1499	1503
845	1506	1247
846	1492	1248
847	1498	1249
848	1499	1503
849	1506	992
850	1242	1247
851	1497	749
852	1248	1259
853	1502	998
854	1247	1249
855	1499	1250
856	1749	1249
857	1497	1249
858	1499	1250
859	1497	1004
860	1501	1249
861	1499	1004
862	1749	1245
863	1498	1258
864	1262	998
865	1236	1249
866	1498	1256
867	1259	987
868	1237	1250
869	1750	1251
870	1497	1250
871	1496	1252
872	1497	1503
873	1505	1247
874	1494	1252
875	1499	1499
876	1751	1249
877	1498	1246
878	1753	1245
879	1498	995
880	1496	1248
881	1497	1502
882	1749	1250
883	1499	1000
884	1250	1248
885	1499	1502
886	1505	1241
887	1492	1248
888	1499	1502
889	1506	991
890	1491	1249
891	1498	1001
892	1499	1249
893	1503	996
894	1495	1249
895	1499	1503
896	1509	1239
897	1488	1249
898	1499	1250
899	1498	1504
900	1507	1241
901	1490	1500
902	1749	1249
903	1499	1249
904	1494	1253
905	1503	1249
906	1499	1248
907	1497	1249
908	1499	1248
909	1749	1255
910	1499	1502
911	1506	992
912	1241	1249
913	1499	1249
914	1499	1247
915	1746	1249
916	1498	1261
917	1502	1250
918	1498	1261
919	1499	1261
920	1498	1252
921	1499	1503
922	1506	993
923	1491	1246
924	1498	1253
925	1498	1267
926	1500	1249
927	1498	1246
928	1499	1499
929	1744	1253
930	1499	1001
931	1250	1250
932	1499	1254
933	1502	1246
934	1498	1499
935	1751	1247
936	1746	1250
937	1499	1503
938	1507	992
939	1241	1252
940	1255	992
941	1491	1508
942	1513	986
943	1484	1250
944	1499	1512
945	1517	1232
946	1481	1249
947	1497	1249
948	1499	1260
949	1751	1248
950	1498	1249
951	1498	1251
952	1749	1249
953	1494	1508
954	1512	1245
955	1251	1239
956	1738	1249
957	1498	1507
958	1750	1248
959	1747	1249
960	1499	1499
961	1748	1250
962	1749	1249
963	1498	1503
964	1507	991
965	1241	1249
966	1499	749
967	1249	1503
968	1507	991
969	1490	1249
970	1499	1503
971	1506	992
972	1242	1250
973	1499	1255
974	1500	1248
975	1748	1502
976	1505	1489
977	1741	1262
978	1499	999
979	1248	1239
980	1499	1505
981	1748	1244
982	1499	999
983	1246	1251
984	1500	1497
985	1750	1247
986	1745	1253
987	1498	1500
988	1753	1248
989	1749	1248
990	1494	1503
991	1752	1246
992	1748	1249
993	1499	1498
994	1748	1249
995	1750	1247
996	1498	1248
997	1499	997
998	1247	1249
999	1749	1502
1000	1506	992
